23.11
65.46
22.56
68.13
22.12
69.64
17.00
51.48
16.17
62.64
22.46
56.41
22.22
59.56
21.26
69.59
22.43
70.66
15.27
58.46
19.71
64.75
21.75
64.71
22.48
52.05
23.50
59.19
20.42
56.70
22.26
53.48
21.19
62.48
22.07
64.35
21.16
62.44
22.15
51.49
22.15
79.49
23.40
68.16
22.88
57.15
21.19
68.10
19.28
56.43
23.50
66.01
21.51
56.14
23.34
68.71
22.76
52.85
21.38
54.17
21.36
64.57
24.40
68.25
24.54
65.20
21.80
63.31
23.28
60.37
22.05
53.07
20.27
64.79
21.25
67.78
19.53
63.05
21.17
61.95
19.18
62.72
22.69
59.73
22.41
70.47
19.85
57.61
15.20
61.76
22.02
29.84
22.92
67.73
21.45
58.24
21.87
61.99
22.28
65.88
